2 14 0
5 0 22
6 7 0
6 9 20
6 0 16
9 0 12
9 0 10
12 0 2
13 0 6
13 9 0
14 0 12
14 0 12
16 0 20
16 6 0
16 4 0
18 0 10
19 7 0
20 0 13
20 0 19
20 0 18
21 0 4
21 3 15
22 0 4
22 0 12
22 4 0
23 0 23
23 0 6
26 20 0
26 10 0
28 0 13
29 0 21
30 1 0
31 0 17
31 0 4
31 0 5
31 9 0
33 0 14
33 17 0
36 0 10
37 0 20
37 0 19
38 0 18
38 0 2
39 0 6
39 18 0
39 8 0
40 17 0
40 1 0
40 6 0
40 23 10
41 14 0
41 0 17
41 0 7
42 0 24
43 0 8
44 0 17
44 0 21
44 11 0
45 0 3
46 0 2
46 0 18
47 0 21
47 4 0
49 0 6
49 13 0
49 14 0
50 10 0
50 5 0
51 0 22
52 11 0
53 13 0
53 0 3
53 0 16
54 0 8
54 4 0
54 11 0
55 0 10
56 11 0
56 0 18
57 8 0
57 0 12
57 0 3
58 16 1
59 3 5
59 0 14
60 0 8
60 0 15
62 0 15
62 19 0
63 7 0
64 20 3
64 22 0
65 23 6
65 0 24
65 18 0
66 3 0
66 8 0
67 7 0
68 0 2
68 0 8
69 0 2
70 13 0
70 0 22
71 0 9
71 0 3
73 0 16
73 6 0
73 0 16
74 16 0
74 22 0
74 16 3
76 0 22
76 20 0
76 0 18
77 0 4
77 22 0
78 0 19
78 21 0
78 0 7
79 1 0
79 0 21
81 5 0
81 19 0
81 4 22
81 0 19
82 0 18
82 0 1
84 1 7
84 0 2
84 0 13
84 0 4
85 1 0
85 0 9
87 18 0
88 14 0
88 0 9
88 20 0
90 15 0
90 0 10
90 0 7
91 1 0
92 17 3
94 0 11
97 0 21
97 17 0
98 17 0
98 23 24
99 0 21
99 0 15
101 0 14
102 0 3
102 0 4
102 0 3
103 3 0
104 0 13
105 0 7
107 7 0
107 0 20
107 21 0
108 0 6
108 0 3
109 0 11
109 0 6
110 0 11
110 24 16
110 0 20
111 0 21
112 0 22
112 16 0
112 0 6
113 0 24
116 0 19
116 24 15
117 3 0
117 9 0
117 11 0
118 0 16
120 0 19
121 0 15
121 0 12
122 0 18
123 23 0
125 0 12
125 4 0
125 0 7
126 0 5
126 10 0
127 1 0
127 0 24
128 12 19
129 0 7
130 0 5
130 0 11
130 21 0
130 1 7
131 0 8
133 0 18
134 3 0
136 0 7
137 0 17
